6
0
4
4
4
1
4
1523 2
1522 6
1521 0
1520 0
1519 6
1518 2
1517 1
1516 0
1515 1
1514 1
1513 0
1512 1
1511 6
1510 4
1509 0
1508 4
1507 0
1506 2
1505 4
1504 0
1503 1
1502 4
1501 4
1430 4
1429 0
1428 1
1427 1
1426 1
1425 0
1424 2
1423 6
1422 4
1421 4
1420 2
1419 6
1418 2
1417 0
1416 0
1415 6
1414 0
1413 6
1412 1
1411 6
1410 1
1409 2
1408 2
1407 0
1406 1
1405 1
1404 1
1403 1
1402 4
1401 4
1330 2
1329 4
1328 0
1327 4
1326 6
1325 1
1324 2
1323 6
1322 4
1321 6
1320 6
1319 6
1318 4
1317 6
1316 6
1315 6
1314 0
1313 6
1312 4
1311 2
1310 0
1309 1
1308 1
1307 4
1306 0
1305 0
1304 1
1303 2
1302 6
1301 2
1230 0
1229 4
1228 2
1227 2
1226 0
1225 1
1224 0
1223 2
1222 2
1221 4
1220 2
1219 4
1218 2
1217 1
1216 2
1215 4
1214 4
1213 4
1212 2
1211 4
1210 6
1209 1
1208 2
1207 4
1206 1
1205 2
1204 1
1203 6
1202 2
1201 4
1130 0
1129 4
1128 2
1127 4
1126 0
1125 0
1124 0
1123 4
1122 2
1121 4
1120 0
1119 6
1118 0
1117 0
1116 2
1115 4
1114 2
1113 4
1112 0
1111 0
1110 0
1109 4
1108 0
1107 2
1106 2
1105 0
1104 6
1103 4
1102 6
1101 0
1030 6
1029 4
1028 4
1027 6
1026 1
1025 4
1024 0
1023 0
1022 0
1021 1
1020 0
1019 6
1018 1
1017 4
1016 1
1015 0
1014 0
1013 6
1012 4
1011 4
1010 1
1009 0
1008 0
1007 1
1006 2
1005 0
1004 4
1003 1
1002 1
1001 6
0930 0
0929 0
0928 4
0927 2
0926 4
0925 2
0924 6
0923 4
0922 4
0921 0
0920 4
0919 0
0918 6
0917 2
0916 4
0915 6
0914 0
0913 2
0912 4
0911 4
0910 1
0909 4
0908 6
0907 4
0906 4
0905 1
0904 1
0903 1
0902 4
0901 2
0830 2
0829 6
0828 4
0827 1
0826 2
0825 4
0824 1
0823 6
0822 2
0821 2
0820 0
0819 1
0818 0
0817 6
0816 0
0815 4
0814 2
0813 0
0812 0
0811 1
0810 1
0809 0
0808 4
0807 0
0806 4
0805 0
0804 6
0803 6
0802 0
0801 1
0730 4
0729 6
0728 4
0727 2
0726 1
0725 1
0724 2
0723 1
0722 6
0721 2
0720 6
0719 6
0718 2
0717 4
0716 4
0715 1
0714 2
0713 6
0712 4
0711 4
0710 1
0709 1
0708 1
0707 1
0706 2
0705 0
0704 4
0703 1
0702 6
0701 4
0630 1
0629 1
0628 2
0627 0
0626 0
0625 2
0624 6
0623 0
0622 6
0621 4
0620 4
0619 0
0618 0
0617 4
0616 4
0615 0
0614 4
0613 0
0612 2
0611 1
0610 0
0609 6
0608 0
0607 4
0606 6
0605 6
0604 1
0603 0
0602 2
0601 6
0530 6
0529 2
0528 6
0527 4
0526 2
0525 4
0524 0
0523 0
0522 0
0521 4
0520 6
0519 6
0518 2
0517 2
0516 6
0515 1
0514 4
0513 4
0512 4
0511 1
0510 2
0509 2
0508 4
0507 2
0506 4
0505 6
0504 6
0503 2
0502 1
0501 2
0430 0
0429 4
0428 0
0427 2
0426 6
0425 4
0424 2
0423 1
0422 2
0421 1
0420 6
0419 1
0418 0
0417 0
0416 0
0415 0
0414 0
0413 1
0412 0
0411 4
0410 1
0409 6
0408 1
0407 2
0406 6
0405 0
0404 0
0403 2
0402 0
0401 6
0330 6
0329 6
0328 1
0327 1
0326 6
0325 1
0324 1
0323 4
0322 1
0321 4
0320 4
0319 1
0318 1
0317 1
0316 0
0315 4
0314 0
0313 6
0312 1
0311 6
0310 0
0309 4
0308 2
0307 1
0306 6
0305 6
0304 6
0303 0
0302 0
0301 2
0230 0
0229 4
0228 4
0227 6
0226 1
0225 6
0224 4
0223 4
0222 4
0221 6
0220 2
0219 1
0218 2
0217 2
0216 1
0215 4
0214 4
0213 6
0212 6
0211 2
0210 1
0209 1
0208 0
0207 0
0206 2
0205 6
0204 4
0203 4
0202 2
0201 1
0130 0
0129 6
0128 1
0127 6
0126 6
0125 2
0124 0
0123 0
0122 4
0121 1
0120 1
0119 0
0118 6
0117 4
0116 4
0115 6
0114 4
0113 6
0112 4
0111 0
0110 4
0109 4
0108 1
0107 4
0106 6
0105 0
0104 4
0103 0
0102 0
0101 4
