1510 4 0.434731
1509 2 0.466264
1508 4 0.532290
1507 2 0.549591
1506 2 0.648437
1505 4 0.672429
1504 2 0.774163
1503 2 0.813039
1502 0 0.901361
1501 2 0.996809
1410 2 0.409512
1409 2 0.465697
1408 4 0.517077
1407 2 0.545797
1406 4 0.634569
1405 2 0.646264
1404 2 0.772410
1403 2 0.776415
1402 0 0.910465
1401 2 0.984044
1310 1 0.392624
1309 1 0.454254
1308 1 0.478244
1307 1 0.537889
1306 1 0.581506
1305 1 0.627096
1304 4 0.749740
1303 4 0.752068
1302 2 0.919662
1301 2 0.920222
1210 2 0.458941
1209 4 0.479624
1208 2 0.551684
1207 2 0.583667
1206 2 0.649692
1205 2 0.708022
1204 2 0.754781
1203 2 0.847261
1202 0 0.873468
1201 2 0.999974
1110 2 0.450247
1109 4 0.469883
1108 2 0.547158
1107 4 0.572671
1106 2 0.652587
1105 2 0.696265
1104 2 0.761904
1103 2 0.843039
1102 0 0.882291
1101 2 0.999871
1010 4 0.442443
1009 4 0.456688
1008 2 0.537955
1007 4 0.556316
1006 2 0.651717
1005 4 0.685068
1004 2 0.768245
1003 2 0.832932
1002 0 0.891203
1001 2 0.999357
0910 4 0.429541
0909 4 0.433581
0908 4 0.529003
0907 4 0.531859
0906 2 0.644664
0905 4 0.670465
0904 2 0.772313
0903 2 0.810891
0902 0 0.900205
0901 2 0.996787
0810 4 0.391812
0809 4 0.403580
0808 4 0.511038
0807 4 0.515780
0806 4 0.631748
0805 4 0.634268
0804 2 0.769865
0803 2 0.772386
0802 0 0.909298
0801 2 0.983933
0710 1 0.367807
0709 1 0.383856
0708 1 0.453162
0707 1 0.471791
0706 1 0.561441
0705 1 0.576357
0704 4 0.748295
0703 4 0.749638
0702 2 0.918483
0701 2 0.919666
0610 4 0.384752
0609 4 0.458843
0608 4 0.473284
0607 4 0.561285
0606 4 0.578955
0605 4 0.688131
0604 2 0.703417
0603 2 0.838286
0602 2 0.847230
0601 2 0.999936
0510 4 0.363327
0509 4 0.435867
0508 4 0.461135
0507 4 0.535109
0506 4 0.566077
0505 4 0.678137
0504 4 0.690059
0503 2 0.821713
0502 2 0.842824
0501 2 0.999680
0410 6 0.344095
0409 6 0.395686
0408 4 0.438687
0407 6 0.510873
0406 4 0.539913
0405 4 0.656812
0404 4 0.681759
0403 2 0.788781
0402 2 0.831920
0401 2 0.998400
0310 6 0.323375
0309 6 0.360125
0308 6 0.402406
0307 6 0.489688
0306 6 0.515281
0305 4 0.604531
0304 4 0.663687
0303 4 0.755156
0302 2 0.807063
0301 2 0.992000
0210 6 0.240000
0209 6 0.270000
0208 6 0.355000
0207 6 0.402500
0206 6 0.496250
0205 6 0.515000
0204 4 0.624375
0203 4 0.726250
0202 4 0.761875
0201 2 0.960000
0110 0 0.000000
0109 0 0.000000
0108 0 0.000000
0107 0 0.000000
0106 6 0.300000
0105 6 0.300000
0104 6 0.550000
0103 4 0.650000
0102 4 0.725000
0101 2 0.800000
