1510 4 0.409203
1509 4 0.422288
1508 4 0.505189
1507 4 0.524381
1506 4 0.596283
1505 4 0.639052
1504 0 0.724194
1503 4 0.765138
1502 0 0.847254
1501 1 0.953657
1410 4 0.384098
1409 4 0.410657
1408 4 0.502713
1407 4 0.516686
1406 4 0.59519
1405 4 0.608416
1404 0 0.731509
1403 4 0.76066
1402 2 0.855812
1401 1 0.930677
1310 1 0.374025
1309 1 0.409456
1308 1 0.443988
1307 1 0.482083
1306 1 0.54907
1305 1 0.583439
1304 4 0.738898
1303 4 0.748685
1302 2 0.857046
1301 2 0.870204
1210 4 0.40862
1209 4 0.45589
1208 4 0.493157
1207 4 0.538795
1206 4 0.580231
1205 4 0.666261
1204 0 0.701603
1203 2 0.780833
1202 0 0.82176
1201 1 0.966965
1110 4 0.411292
1109 4 0.44929
1108 4 0.497678
1107 4 0.533396
1106 4 0.585871
1105 4 0.662275
1104 0 0.70869
1103 2 0.775303
1102 0 0.83006
1101 1 0.965697
1010 4 0.411911
1009 4 0.437317
1008 4 0.501557
1007 4 0.529089
1006 4 0.591198
1005 4 0.654534
1004 0 0.715849
1003 4 0.767919
1002 0 0.838445
1001 1 0.96236
0910 4 0.406107
0909 4 0.417686
0908 4 0.503659
0907 4 0.522464
0906 4 0.595494
0905 4 0.63826
0904 0 0.723079
0903 4 0.765004
0902 0 0.846914
0901 1 0.95358
0810 4 0.375533
0809 4 0.39658
0808 4 0.499763
0807 4 0.5113
0806 4 0.593123
0805 4 0.606183
0804 0 0.730383
0803 4 0.760318
0802 2 0.855469
0801 1 0.930473
0710 1 0.354079
0709 1 0.381585
0708 1 0.430301
0707 1 0.455701
0706 1 0.539404
0705 1 0.567888
0704 4 0.737761
0703 4 0.747297
0702 2 0.855578
0701 2 0.869666
0610 4 0.374369
0609 4 0.441059
0608 4 0.469958
0607 4 0.529148
0606 4 0.557729
0605 4 0.661374
0604 4 0.690199
0603 2 0.774384
0602 2 0.810228
0601 1 0.966434
0510 4 0.356881
0509 4 0.418011
0508 4 0.459202
0507 4 0.51829
0506 4 0.547373
0505 4 0.651384
0504 4 0.687009
0503 4 0.767055
0502 2 0.806703
0501 1 0.964299
0410 6 0.344095
0409 6 0.386887
0408 4 0.438687
0407 4 0.496321
0406 4 0.527022
0405 4 0.628028
0404 4 0.679825
0403 4 0.761973
0402 2 0.798346
0401 1 0.958682
0310 6 0.323375
0309 6 0.358
0308 6 0.402406
0307 6 0.472344
0306 6 0.515281
0305 4 0.575328
0304 4 0.663687
0303 4 0.750516
0302 2 0.781281
0301 1 0.9439
0210 6 0.24
0209 6 0.27
0208 6 0.355
0207 6 0.395
0206 6 0.49625
0205 6 0.50875
0204 4 0.624375
0203 4 0.724375
0202 4 0.761875
0201 2 0.905
0110 0 0.0
0109 0 0.0
0108 0 0.0
0107 0 0.0
0106 6 0.3
0105 6 0.3
0104 6 0.55
0103 4 0.65
0102 4 0.725
0101 4 0.775
