0.296095 3
0.323999 3
0.344265 2
0.378582 2
0.454325 4
0.470390 4
0.417998 2
0.502814 0
0.558253 1
0.581413 0
0.277766 3
0.317487 3
0.324791 2
0.375990 0
0.437183 4
0.471375 4
0.399768 0
0.507893 2
0.529862 1
0.587285 0
0.267816 1
0.294617 1
0.314373 1
0.379788 1
0.400034 4
0.461404 4
0.403806 1
0.507417 2
0.468726 1
0.593218 0
0.310362 3
0.323634 3
0.362838 2
0.379804 2
0.463148 4
0.465608 4
0.438307 2
0.485678 0
0.572002 1
0.563317 0
0.299601 3
0.324153 3
0.349304 2
0.380250 2
0.456828 4
0.467121 4
0.409803 2
0.490584 0
0.561228 1
0.569007 0
0.283806 3
0.324062 3
0.330111 2
0.379526 2
0.444458 4
0.468648 4
0.366218 2
0.495539 0
0.538422 1
0.574755 0
0.264956 3
0.322517 3
0.307555 2
0.376320 2
0.423170 4
0.470161 4
0.316621 2
0.500545 0
0.493197 1
0.580560 0
0.244118 3
0.314323 3
0.283467 2
0.370307 0
0.395290 4
0.471095 4
0.315470 4
0.505601 2
0.413623 1
0.586425 0
0.220965 1
0.280500 1
0.259267 1
0.374048 1
0.358814 4
0.460163 4
0.309397 4
0.501956 2
0.309397 4
0.592348 0
0.300644 3
0.272333 3
0.351431 2
0.320258 2
0.458854 4
0.398892 4
0.416936 2
0.315789 4
0.564712 1
0.315789 4
0.283286 3
0.267193 3
0.330597 2
0.313979 2
0.448370 4
0.398889 4
0.375634 2
0.315789 4
0.545742 1
0.315789 4
0.258670 3
0.255670 3
0.300759 2
0.297759 2
0.429761 4
0.398850 4
0.324576 2
0.315787 4
0.507530 1
0.315787 4
0.228937 3
0.228937 3
0.257625 2
0.257625 2
0.404250 4
0.398250 4
0.315750 4
0.315750 4
0.438195 1
0.315750 4
0.165000 4
0.165000 4
0.172500 3
0.172500 3
0.390000 4
0.390000 4
0.315000 4
0.315000 4
0.339000 1
0.315000 4
0.000000 0
0.000000 0
0.000000 0
0.000000 0
0.300000 4
0.300000 4
0.300000 4
0.300000 4
0.300000 4
0.300000 4
0.187529 0
0.195075 0
0.227679 0
0.255017 0
0.278311 0
0.246850 0
0.302018 0
0.308368 0
0.365416 0
0.598066 0
0.182589 0
0.195408 0
0.231154 0
0.242862 0
0.270787 0
0.258498 0
0.297489 0
0.292452 0
0.387158 0
0.594841 0
0.192288 0
0.206715 0
0.236622 0
0.247599 0
0.260695 0
0.285523 0
0.285887 0
0.311145 0
0.439204 0
0.586244 0
0.193778 0
0.202406 0
0.227606 0
0.268155 0
0.280461 0
0.232037 0
0.295787 0
0.324059 0
0.344042 0
0.599210 0
0.192588 0
0.190446 0
0.226700 0
0.258251 0
0.280774 0
0.208963 0
0.298182 0
0.302930 0
0.348438 0
0.597892 0
0.189507 0
0.177746 0
0.225008 0
0.244211 0
0.280083 0
0.191016 0
0.299612 0
0.269392 0
0.354413 0
0.594380 0
0.182835 0
0.166434 0
0.223700 0
0.228058 0
0.276728 0
0.192756 0
0.298420 0
0.225181 0
0.364541 0
0.585012 0
0.173237 0
0.160358 0
0.226226 0
0.212865 0
0.266845 0
0.198546 0
0.290186 0
0.186860 0
0.385684 0
0.560033 0
0.181466 0
0.168354 0
0.229223 0
0.208826 0
0.251424 0
0.220059 0
0.271874 0
0.188896 0
0.436141 0
0.493421 0
0.151487 0
0.183265 0
0.176611 0
0.259829 0
0.236610 0
0.211611 0
0.187933 0
0.308061 0
0.187933 0
0.598331 0
0.136772 0
0.158110 0
0.156985 0
0.244507 0
0.232072 0
0.188662 0
0.185367 0
0.275754 0
0.185367 0
0.595551 0
0.109055 0
0.120867 0
0.120867 0
0.222258 0
0.220008 0
0.178523 0
0.178523 0
0.227815 0
0.178523 0
0.588135 0
0.061875 0
0.064687 0
0.064687 0
0.188437 0
0.188437 0
0.160312 0
0.160312 0
0.169312 0
0.160312 0
0.568359 0
0.000000 0
0.000000 0
0.000000 0
0.112500 0
0.112500 0
0.112500 0
0.112500 0
0.112500 0
0.112500 0
0.515625 0
0.000000 0
0.000000 0
0.000000 0
0.000000 0
0.000000 0
0.000000 0
0.000000 0
0.000000 0
0.000000 0
0.375000 0
0.000000 0
0.000000 0
